:Product: Daily Geomagnetic Data     2025_DGD.txt
:Issued: 0000 UT 01 Jan 2026
#
#  Prepared by the U.S. Dept. of Commerce, NOAA, Space Weather Prediction Center
#  Please send comment and suggestions to SWPC.Webmaster@noaa.gov
#
#             2025 Daily Geomagnetic Data
#
#
#                Middle Latitude        High Latitude            Estimated
#              - Fredericksburg -     ---- College ----      --- Planetary ---
#  Date        A     K-indices        A     K-indices        A     K-indices
2025 01 01    48  3 4 4 5 6 6 6 4   113  2 6 5 7 8 8 7 2    86   4.00  5.33  5.00  6.33  6.67  8.00  6.67  4.33
2025 01 02    14  3 3 2 4 3 3 2 2    51  3 1 4 7 6 6 5 3    22   3.67  2.67  3.33  4.67  4.00  4.00  3.33  3.00
2025 01 03     7  2 3 3 1 1 2 1 1     3  1 1 2 2 0 1 1 0     9   3.33  3.00  2.67  1.67  0.67  1.00  1.33  1.67
2025 01 04    21  2 4 4 4 4 4 3 2    62  1 5 7 6 5 6 6 3    32   2.67  4.67  5.00  4.33  3.33  4.67  5.00  3.67
2025 01 05    12  2 2 3 3 3 3 3 2    34  3 2 3 5 6 5 5 2    20   3.67  2.67  3.00  3.67  3.33  4.00  4.00  3.00
2025 01 06    13  3 4 3 2 3 2 2 2    20  2 2 3 5 5 4 2 1    15   3.33  4.00  3.00  2.67  2.67  3.00  2.33  2.33
2025 01 07     8  1 2 2 2 2 3 2 2    24  1 2 6 5 3 4 2 2    12   2.33  2.67  2.67  2.67  2.33  3.33  2.67  2.33
2025 01 08     6  3 2 1 1 1 2 2 1     6  2 1 1 0 4 2 1 0     8   3.67  2.33  1.67  0.67  1.67  2.33  1.33  1.00
2025 01 09     9  1 0 2 3 4 2 2 2    18  0 0 2 5 5 4 2 1    10   2.00  1.00  2.00  2.67  3.67  3.00  2.33  1.67
2025 01 10    11  2 3 1 3 3 2 2 3    18  0 3 2 5 5 3 2 2    12   1.33  3.33  1.67  3.00  3.00  1.67  2.67  3.67
2025 01 11     5  2 0 0 1 2 3 2 1     7  2 0 0 3 3 3 2 0     7   2.67  0.67  1.00  1.67  1.67  3.00  2.00  0.67
2025 01 12     6  1 2 2 1 2 2 1 2     7  0 1 2 4 3 1 1 0     7   1.33  2.00  2.00  1.67  2.00  1.33  1.67  2.33
2025 01 13     9  3 2 2 2 2 3 2 1    10  2 1 2 4 2 3 2 2    11   4.00  2.33  1.67  2.33  2.00  2.33  2.67  2.00
2025 01 14    10  2 2 3 2 2 3 3 2    10  2 2 3 3 3 2 2 2    12   2.67  2.33  2.67  2.00  2.00  2.67  3.33  3.00
2025 01 15    11  3 2 3 2 3 3 2 1    25  2 4 5 3 5 5 2 1    16   3.67  3.67  3.33  2.67  3.00  3.33  2.67  2.00
2025 01 16    11  2 3 1 2 3 3 3 2    21  2 4 2 3 5 4 4 2    14   3.00  3.33  2.00  2.33  3.00  3.00  3.33  3.00
2025 01 17    14  3 3 3 3 3 2 3 3    29  3 3 3 5 5 5 3 4    21   3.33  3.67  3.67  3.00  3.33  3.33  4.00  4.00
2025 01 18     8  2 1 2 2 2 3 2 2    16  2 2 4 4 4 3 2 2    10   2.67  2.00  2.67  2.00  2.67  2.33  2.33  2.33
2025 01 19     9  1 1 3 3 3 2 2 2    23  1 2 4 5 4 4 4 3    15   1.33  2.33  3.67  3.00  3.33  2.67  3.00  3.67
2025 01 20    13  3 2 3 2 4 3 2 2    38  3 2 3 5 7 5 4 2    20   4.00  3.33  3.00  3.00  4.33  3.33  3.00  3.33
2025 01 21     6  1 2 1 1 2 2 2 2    13  2 2 1 4 3 4 2 2    11   2.33  3.33  2.00  1.67  1.33  2.67  3.00  2.67
2025 01 22     7  3 1 2 2 2 1 1 2    16  3 2 4 5 3 2 1 1    10   3.33  2.33  3.00  2.33  2.00  1.33  1.00  3.00
2025 01 23     7  2 1 0 2 2 3 2 2     9  2 1 1 2 3 3 3 2    10   3.00  1.33  0.67  1.33  1.67  3.33  3.33  2.33
2025 01 24     6  1 1 2 1 2 2 2 2     5  1 1 3 2 2 1 0 1     7   1.00  1.67  2.67  1.33  2.00  1.33  1.67  2.33
2025 01 25     2  0 0 0 1 2 1 1 1     1  0 0 0 1 0 1 0 0     3   0.67  0.33  1.00  0.67  0.67  1.33  0.67  0.67
2025 01 26     2  0 1 0 0 1 2 1 1     0  0 0 0 0 0 0 0 0     3   0.67  1.00  0.33  0.67  0.67  0.67  0.67  0.67
2025 01 27     6  0 1 1 2 2 2 2 3    12  0 0 1 3 4 5 1 1     8   0.33  0.33  1.67  2.33  2.00  3.00  2.00  2.67
2025 01 28     8  2 1 0 2 3 3 2 2    19  0 0 0 3 6 3 4 3    12   2.33  1.67  0.67  2.33  3.00  3.00  3.67  3.00
2025 01 29     6  2 1 1 2 2 1 2 2    12  1 2 1 4 4 4 1 0     7   2.67  1.00  1.00  2.33  2.33  1.67  1.33  1.67
2025 01 30     4  1 1 0 0 2 1 2 2     2  0 0 0 0 0 1 2 2     6   1.33  1.00  0.67  1.00  1.00  1.33  2.00  2.67
2025 01 31     5  1 1 0 1 2 2 2 2     9  1 0 0 4 4 2 1 1     8   1.67  1.00  1.33  1.67  2.33  2.00  2.33  3.00
2025 02 01    21  4 3 3 3 4 4 4 3    46  2 2 3 3 7 7 4 3    26   4.00  3.67  3.67  3.00  4.33  4.00  4.33  4.00
2025 02 02    18  2 4 3 3 4 4 3 2    40  2 2 5 6 6 6 2 2    21   3.67  4.00  3.67  3.33  4.00  4.33  2.67  2.00
2025 02 03     4  1 0 0 1 3 2 1 1     0  1 0 0 0 0 0 0 0     4   1.67  0.67  1.00  1.33  0.67  0.67  0.33  1.00
2025 02 04     4  1 1 1 1 2 2 2 0     5  0 0 1 4 1 0 0 1     5   1.00  1.00  1.67  1.67  0.67  1.00  1.33  1.00
2025 02 05     6  1 2 0 1 2 3 2 1     4  0 0 0 2 2 3 1 0     6   1.00  2.00  1.00  1.67  1.67  2.67  1.33  2.00
2025 02 06     9  2 3 2 0 3 3 2 2    11  1 1 1 3 5 2 1 1     9   2.33  3.00  2.33  1.33  2.67  2.33  1.67  1.33
2025 02 07     2  0 1 0 1 1 2 1 0     0  0 0 1 0 0 0 0 0     4   0.67  0.33  0.67  1.33  0.67  1.33  1.00  0.67
2025 02 08     9  0 3 3 2 3 2 2 1    30  0 1 6 5 6 4 1 0    11   1.00  2.67  3.67  3.00  3.33  2.00  1.67  1.33
2025 02 09    14  1 2 2 2 3 3 4 4    28  1 1 3 3 5 6 5 3    18   1.33  2.00  2.00  2.33  3.00  4.00  4.67  4.33
2025 02 10    17  4 1 3 4 3 3 3 3    31  4 2 5 5 4 5 4 3    24   4.67  2.33  4.00  4.00  3.33  4.00  3.33  4.00
2025 02 11    10  3 2 2 3 2 3 2 2    21  3 3 3 4 4 5 3 2    17   4.00  3.00  3.33  3.33  2.33  3.33  3.00  3.00
2025 02 12    12  3 3 2 3 3 2 3 2    23  3 3 3 5 4 5 2 2    17   3.33  4.00  3.00  3.33  2.67  3.00  3.00  2.67
2025 02 13    19  3 4 3 4 3 2 3 4    37  2 4 5 6 6 4 3 3    23   3.33  4.33  3.67  4.00  3.67  2.67  3.67  4.33
2025 02 14    20  4 4 3 3 4 3 3 3    44  4 5 5 3 6 6 4 4    27   4.67  4.33  3.67  3.00  4.67  3.33  3.67  4.00
2025 02 15    20  2 3 3 4 4 4 3 4    55  3 3 3 7 5 7 5 3    28   3.67  3.67  3.33  5.00  3.33  4.67  3.67  4.33
2025 02 16    14  2 3 3 3 3 2 2 4    28  2 3 5 6 3 4 3 3    18   3.00  3.67  3.33  3.33  3.00  2.67  3.33  4.00
2025 02 17    11  2 3 2 2 3 3 2 3    20  2 2 2 4 5 5 2 2    15   3.00  3.33  2.00  2.33  3.33  4.00  2.33  3.33
2025 02 18    10  3 2 1 1 1 3 1 4    12  3 4 2 0 1 3 3 3    14   3.67  3.33  2.00  1.00  1.00  2.67  1.33  4.67
2025 02 19    13  4 2 3 2 2 2 3 3    19  4 3 5 3 2 2 3 3    20   5.00  3.33  4.33  1.67  1.67  2.33  3.67  3.33
2025 02 20     5  3 2 1 0 2 1 0 1     4  3 2 1 1 0 0 0 0     7   3.67  2.67  1.33  0.67  1.00  0.33  0.33  0.67
2025 02 21     6  3 0 1 1 2 2 2 1     3  1 0 1 1 3 0 0 0     6   3.00  0.67  1.00  1.33  1.67  0.67  0.67  2.00
2025 02 22     3  2 0 0 0 2 2 1 1     5  2 0 1 3 3 0 1 0     7   3.00  0.67  0.67  1.33  2.00  1.33  1.33  2.33
2025 02 23     6  2 1 1 1 1 2 2 3     2  1 1 1 2 0 0 0 1     7   3.00  1.67  1.00  1.00  0.33  1.00  1.33  3.00
2025 02 24    10  3 1 2 2 3 2 3 2    17  1 0 0 5 4 3 4 3    14   3.33  1.33  1.33  3.00  3.00  2.00  4.33  2.67
2025 02 25    11 -1-1-1-1-1-1 2 3    11 -1-1-1-1-1-1 3 2     9   1.67  2.00  1.67  1.67  1.00  1.67  3.00  3.33
2025 02 26    13  2 3 2 2 4 3 3 2    33  1 4 3 6 4 5 5 3    16   3.00  3.67  3.00  2.67  3.00  3.33  3.33  2.33
2025 02 27    24  3 3 3 5 4 4 3 4    54  3 5 4 7 6 6 4 3    33   4.00  4.33  3.33  5.67  4.00  4.67  3.33  4.33
2025 02 28    21  4 3 3 3 5 4 3 2    51  4 4 5 6 6 6 5 3    32   5.00  4.00  4.33  3.67  4.67  4.67  4.33  3.00
2025 03 01    11  1 3 3 3 3 2 2 2    41  2 4 7 6 5 2 3 2    19   2.33  4.00  4.00  4.00  3.67  2.00  3.33  3.00
2025 03 02     5  1 1 2 1 2 2 2 1     5  2 1 2 3 2 0 0 0     6   2.00  1.67  2.33  1.67  1.67  0.67  1.00  0.67
2025 03 03     5  1 1 1 1 2 2 2 2     2  1 0 0 2 0 1 1 1     5   1.67  1.00  1.00  1.67  0.67  1.00  1.33  1.33
2025 03 04     7  1 2 2 1 2 2 2 3     7  0 1 0 2 2 1 2 4    11   1.67  2.33  1.67  1.33  2.00  2.00  3.00  4.33
2025 03 05     4 -1-1-1-1-1-1 0 2    21  3 3 5 4 4 4 2 1    13   3.67  3.33  2.67  2.67  2.00  3.00  2.00  2.33
2025 03 06     6  2 1 2 2 1 2 2 1     5  2 1 2 2 0 1 2 1     7   2.33  1.67  2.67  2.00  0.33  1.33  2.33  1.67
2025 03 07     9  1 2 2 3 3 3 2 1    18  1 1 3 5 3 5 3 0    11   1.00  2.67  2.67  3.33  2.33  2.67  2.67  1.33
2025 03 08    15  2 2 3 3 3 3 3 4    25  1 3 5 5 3 3 4 4    21   2.33  3.00  3.67  3.33  2.33  3.33  4.67  4.67
2025 03 09    24  4 4 3 5 4 3 3 3    49  4 5 4 7 6 5 2 3    35   4.67  5.67  4.00  5.67  4.33  3.00  2.67  3.33
2025 03 10     8  3 1 2 2 3 2 1 2    18  3 2 4 5 4 3 1 1    10   3.00  2.00  2.33  2.67  2.33  2.67  1.00  2.33
2025 03 11     9  2 2 2 3 3 2 2 2    13  1 2 3 4 4 3 1 1    10   2.33  2.33  2.33  2.67  3.00  1.67  1.67  2.67
2025 03 12    18  3 3 3 3 4 3 3 4    51  3 4 4 6 6 6 6 3    32   3.67  3.67  3.33  4.00  4.33  4.67  5.00  5.00
2025 03 13    26  4 4 4 4 4 3 4 4    44  4 4 6 5 6 4 5 3    42   5.00  5.00  5.00  4.67  5.00  3.67  5.00  4.33
2025 03 14    22  5 1-1-1-1 4 3 3    29  5 4 4 4 4 5 3 3    25   5.67  3.33  3.67  3.00  3.00  3.67  3.00  3.67
2025 03 15    14  3 3 3 3 4 3 2 1    29  3 2 5 6 4 5 1 1    18   4.00  3.67  3.33  3.67  3.67  3.33  1.67  1.33
2025 03 16    10  1 2 2 3 3 3 2 2    21  2 2 3 5 6 2 1 1    11   2.00  2.33  2.67  2.67  3.33  1.33  2.33  2.67
2025 03 17    14  3 3 3 2 4 2 3 2    23  3 3 4 3 5 5 2 2    16   3.33  3.33  3.00  2.00  3.33  2.67  3.67  3.00
2025 03 18    13  3 3 2 2 4 3 2 2    18  2 4 3 3 5 3 2 2    12   3.33  3.33  2.33  2.00  3.33  2.67  1.67  2.33
2025 03 19    19  2 4 4 3 4 4 3 2    42  2 4 7 4 4 5 5 3    23   2.33  4.33  4.33  3.00  3.00  3.67  4.67  3.33
2025 03 20     5  1 2 2 1 2 1 1 1     7  2 2 2 3 3 1 1 0     6   2.00  2.00  2.00  1.67  1.67  0.67  1.33  2.00
2025 03 21    16  3 3 2 2 3 3 4 4    16  3 3 2 3 3 3 4 3    25   3.33  3.00  2.33  2.33  2.67  4.00  5.33  5.33
2025 03 22    20  4 4 2 3 4 3 3 4    33  4 3 3 3 6 6 3 3    33   5.67  5.00  3.00  3.00  4.00  4.33  3.33  4.67
2025 03 23     9  3 1 3 1 3 2 2 2    15  3 2 5 3 3 2 2 1    10   4.00  2.00  3.33  1.67  2.00  1.33  2.00  1.33
2025 03 24    18  4 4 2 3 5 2 2 1    29  2 4 4 6 5 4 2 2    19   4.33  4.33  2.67  3.67  4.00  3.00  2.00  1.67
2025 03 25    13  3 2 3 3 3 2 3 3    29  2 3 4 6 3 5 4 3    15   3.33  2.33  3.00  3.00  2.33  2.67  4.00  3.33
2025 03 26    26  4 3 2 2 5 4 5 4    43  4 4 2 4 6 6 5 5    46   4.67  4.33  2.33  3.33  5.67  5.67  6.33  4.67
2025 03 27    20  3 3 4 3 4 4 3 3    47  4 3 6 5 6 6 4 3    33   4.00  4.67  4.67  4.00  4.67  5.00  3.67  3.67
2025 03 28    13  2 3 3 2 3 4 2 2    18  3 2 4 4 4 3 2 3    16   2.67  3.33  3.33  2.33  3.00  3.33  2.67  3.67
2025 03 29    10  3 3 1 3 3 2 2 1     6  3 3 1 2 1 2 0 0     9   3.33  3.67  1.67  2.00  1.67  1.33  0.67  1.00
2025 03 30     8  2 2 3 2 2 2 2 1     5  2 1 2 1 2 1 1 1     7   2.00  2.33  2.67  1.67  1.33  1.00  1.33  1.00
2025 03 31     8  1 1 2 3 3 2 2 1     6  0 1 2 4 2 1 1 0    13   1.00  2.00  2.00  2.67  1.67  1.33  1.33  1.00
2025 04 01     5  1 1 1 1 2 2 2 2     2  0 0 0 0 1 1 2 1     5   1.00  1.33  1.33  1.00  1.67  1.00  2.00  2.00
2025 04 02    16  4 3 3 4 3 2 2 3    29  3 5 5 5 4 3 3 3    22   4.33  3.67  4.00  4.00  3.33  2.00  3.33  3.67
2025 04 03    25  3 3 4 4 5 3 4 4    46  4 2 6 5 6 5 5 4    26   3.67  3.00  4.00  3.67  4.00  3.33  4.67  4.67
2025 04 04    19  3 3 3 3 5 3 3 3    44  3 4 5 5 6 6 4 4    33   4.00  4.00  4.00  4.00  5.33  4.00  4.33  4.67
2025 04 05    20  4 4 4 3 3 3 3 3    47  4 4 6 6 5 5 5 3    40   5.67  5.33  4.33  4.33  3.67  3.67  5.33  4.33
2025 04 06    17  4 3 2 3 4 3 3 3    36  4 3 4 6 5 5 4 3    20   5.00  3.33  2.33  3.33  3.33  3.33  3.00  3.33
2025 04 07    10  2 2 2 2 3 2 3 3    13  3 3 2 3 3 3 3 2    13   3.00  3.00  2.00  1.67  2.33  2.33  4.00  3.33
2025 04 08    20  2 4 3 3 5 3 3 3    30  3 3 5 3 6 5 3 2    24   3.33  4.00  3.67  2.33  4.67  4.00  4.00  3.67
2025 04 09    20  4 3 3 4 4 3 3 3    44  5 4 6 6 5 5 3 2    22   4.67  3.33  3.67  4.33  3.67  3.00  3.00  3.00
2025 04 10    11  3 2 3 2 2 1 2 4    30  5 5 6 4 2 2 2 3    17   4.00  3.33  3.67  2.33  1.67  2.00  2.67  4.33
2025 04 11    14  3 2 2 2 4 2 3 4    22  5 3 3 4 4 3 3 3    18   4.33  3.33  2.33  2.33  3.33  2.00  3.33  4.33
2025 04 12    13  2 2 3 3 3 3 3 3    32  3 2 5 4 5 5 5 3    20   3.33  2.67  3.00  3.33  2.67  3.67  3.67  4.67
2025 04 13    14  4 4 2 2 3 2 3 2    18  4 3 4 4 4 2 2 2    15   4.00  3.67  2.67  2.33  3.00  2.33  3.33  2.33
2025 04 14    14  3 4 3 2 3 2 2 3    28  4 6 4 4 3 4 2 3    18   3.33  4.33  3.33  2.00  2.33  3.00  3.00  4.00
2025 04 15    13  3 2 2 1 2 3 1 5    19  2 2 2 3 4 3 5 4    34   3.33  2.33  1.67  1.67  2.00  5.00  6.00  6.33
2025 04 16    43  5 3 3 4 6 4 6 5    63  3 3 3 4 7 7 7 3    77   5.33  3.33  3.33  4.67  7.33  6.33  7.67  5.33
2025 04 17    11  2 4 2 2 3 3 1 2     7  2 4 1 1 2 1 1 1    11   2.67  4.00  2.00  1.67  3.00  2.33  0.67  2.33
2025 04 18    11  3 4 2 2 3 2 1 2    15  3 3 3 3 3 4 2 2    13   3.33  4.00  3.00  2.00  2.33  2.33  2.33  2.67
2025 04 19    18  4 3 3 2 4 3 2 4    49  4 3 7 6 5 5 2 4    20   4.00  3.00  4.00  2.67  3.33  3.33  2.33  4.33
2025 04 20    11  4 1 2 1 2 2 3 3    13  3 2 2 4 3 2 3 2    14   5.00  2.67  2.67  1.67  1.67  1.00  3.00  2.33
2025 04 21    24  4 4 3 4 5 3 4 2    37  3 5 5 5 5 5 4 3    35   4.33  4.33  4.33  4.67  5.33  4.00  5.00  2.67
2025 04 22    13  4 3 3 2 3 2 2 2    14  3 2 4 3 3 3 2 2    13   3.67  3.00  3.00  1.67  2.33  2.33  2.67  2.67
2025 04 23     9  1 2 2 4 3 2 1 1    12  1 2 2 5 3 2 2 1     7   1.67  2.67  1.67  3.00  2.00  1.33  0.67  1.33
2025 04 24    14  2 2 4 3 4 2 3 2    22  2 2 5 5 5 2 2 1    13   2.67  2.33  3.67  3.00  3.67  2.00  2.33  1.33
2025 04 25     5  1 1 1 2 2 1 2 2     4  1 1 1 0 1 1 2 2     5   1.00  1.00  1.00  1.67  1.67  1.00  1.67  2.00
2025 04 26     7  2 1 1 2 2 3 2 2    15  2 2 1 5 5 1 1 1     7   2.00  2.00  1.33  2.33  2.33  1.67  1.67  2.00
2025 04 27     7  2 2 1 2 3 2 2 1     4  1 2 1 0 1 2 2 1     6   1.33  2.33  1.33  1.33  1.67  2.33  2.00  1.33
2025 04 28     5  2 0 1 2 2 1 2 1     2  2 1 0 1 0 0 0 0     5   2.67  0.67  0.67  1.33  1.00  0.67  0.67  0.67
2025 04 29     6  0 2 2 2 2 2 2 2     7  0 2 3 3 2 1 2 1     6   0.33  1.67  2.33  2.00  1.67  1.33  2.00  1.67
2025 04 30    14  3 2 4 4 2 1 2 3    22  2 3 5 6 2 1 2 2    12   3.67  2.67  2.67  3.33  1.67  1.33  1.67  3.00
2025 05 01    21  3 3 4 3 4 3 4 4    36  3 4 5 5 5 5 4 4    28   3.33  4.00  3.67  4.00  4.00  3.33  4.67  5.00
2025 05 02    24  4 4 4 4 4 3 3 4    68  5 5 5 6 7 6 5 5    39   5.33  4.67  4.00  4.33  4.67  4.67  4.00  5.33
2025 05 03    20  4 4 4 4 3 3 2 3    39  5 4 5 6 5 4 3 3    26   5.00  4.00  3.67  4.67  3.33  3.33  2.67  3.67
2025 05 04    17  3 3 4 2 3 4 3 3    51  3 4 6 4 6 7 4 3    25   4.00  3.33  4.67  2.33  3.67  4.33  4.00  4.00
2025 05 05    23  3 4 4 4 4 4 3 3    62  4 5 7 6 6 6 3 4    29   3.33  4.67  4.33  4.00  4.00  4.67  3.67  4.00
2025 05 06    15  3 3 3 3 3 3 3 3    20  3 3 5 4 3 3 2 3    15   3.67  2.33  3.00  2.67  2.33  2.67  3.33  3.67
2025 05 07     8  2 3 2 2 2 1 2 2    16  3 2 4 5 3 2 1 1     9   2.33  2.67  2.67  2.67  1.67  1.00  1.67  2.00
2025 05 08    11  1 3 3 1 3 2 1 4    30  2 3 4 2 6 6 2 3    12   2.33  3.00  3.00  1.67  2.33  2.33  0.67  4.00
2025 05 09    11  2 2 1 2 3 3 2 4    24  3 3 2 3 5 5 4 3    15   2.67  2.33  1.67  2.00  2.33  3.00  4.00  4.33
2025 05 10    14  5 4 2 2 2 2 1 2    17  4 4 2 3 5 2 1 1    12   4.33  3.67  2.33  2.33  2.00  1.33  1.33  2.33
2025 05 11    14  2 3 2 2 3 2 4 4    16  2 3 4 3 4 3 2 3    17   2.33  3.33  2.67  2.00  3.00  1.33  4.67  4.00
2025 05 12     7  2 2 1 2 2 2 2 2    10  2 2 2 3 4 2 1 2     6   2.33  2.00  1.67  1.67  2.00  1.00  1.33  2.00
2025 05 13     9  2 1 1 2 2 3 3 3     6  1 1 1 2 3 1 2 2     9   1.67  1.67  1.67  1.67  1.67  2.00  3.33  3.33
2025 05 14    13  3 3 2 3 3 3 3 2    24  4 3 3 4 5 4 4 1    16   3.33  2.33  2.00  3.00  3.67  3.67  4.00  2.33
2025 05 15    15  3 5 3 1 2 2 2 3    22  4 4 4 4 3 4 2 3    13   3.00  4.00  2.67  2.00  2.00  2.67  2.33  3.00
2025 05 16    11  2 2 4 2 2 2 2 3    24  2 4 5 5 4 3 2 3    13   2.33  3.00  3.00  2.33  2.67  2.00  1.67  4.33
2025 05 17    25  5 5 3 4 4 3 3 2    51  5 5 4 6 6 6 4 3    38   6.33  5.33  3.33  4.67  4.33  4.00  3.67  3.33
2025 05 18    16  4 2 4 3 2 3 3 3    40  4 2 6 6 4 6 3 2    22   4.00  3.00  4.67  3.33  2.33  4.00  4.00  2.67
2025 05 19    10  3 3 1 2 3 2 2 2    13  3 4 2 3 3 3 0 2    10   3.33  3.00  1.67  1.67  2.33  2.33  1.67  2.00
2025 05 20    12  2 3 3 3 3 2 2 3    34  3 5 5 6 5 3 2 2    13   2.33  3.00  3.00  3.00  3.00  2.67  2.00  3.00
2025 05 21    12  3 3 3 3 3 2 2 2    23  3 4 5 5 3 2 2 3    13   4.00  3.00  3.00  3.00  2.33  1.33  1.67  2.33
2025 05 22     7  2 2 2 2 2 2 2 2     8  3 2 1 3 2 1 2 1     7   2.00  2.00  2.00  1.33  1.67  1.33  2.33  1.67
2025 05 23     8  2 2 2 2 3 2 2 2     9  2 1 2 3 3 3 1 1     7   2.00  1.67  2.00  2.00  2.33  2.33  1.33  2.00
2025 05 24     6  2 1 2 2 2 2 2 1     3  1 1 1 1 2 0 1 1     5   1.67  1.33  1.67  1.33  1.67  1.00  0.67  1.33
2025 05 25     8  2 2 2 1 3 3 2 1     5  2 2 2 2 1 1 1 1     6   1.67  2.00  2.00  1.33  2.00  1.33  1.00  1.00
2025 05 26     8  2 2 2 2 3 2 2 2     5  2 1 2 1 2 1 1 2     8   1.67  1.67  2.00  1.67  3.00  1.33  2.00  2.67
2025 05 27    12  2 2 1 3 3 2 3 4    23  3 2 2 3 5 5 3 4    15   2.33  2.33  1.67  2.67  3.00  2.67  4.00  4.00
2025 05 28    17  3 4 3 3 3 3 3 3    36  4 5 5 6 3 5 3 2    18   4.00  4.33  2.67  3.33  1.67  3.33  3.33  2.67
2025 05 29    38  5 5 4 5 4 4 5 4    69  6 5 6 7 6 6 4 3    65   6.67  5.33  5.00  5.33  5.67  5.67  5.67  5.00
2025 05 30    18  4 3 3 3 4 3 3 3    48  5 5 6 5 5 6 3 3    30   5.00  4.33  4.00  3.33  4.00  4.33  4.33  3.67
2025 05 31    12  3 3 3 2 3 2 2 3    32  3 4 4 5 6 4 3 3    16   3.33  3.00  3.00  2.33  3.67  2.33  3.00  3.67
2025 06 01    59  5 6 6 5 6 4 6 4    79  5 6 7 6 7 5 6 3   107   5.33  5.33  8.00  7.33  7.67  5.00  7.00  4.00
2025 06 02    38  4 5 5 5 5 4 4 4    88  4 5 7 6 6 7 7 5    69   4.67  5.00  6.33  6.67  6.00  5.33  5.33  5.67
2025 06 03    32  4 5 6 4 4-1 2 2    60  5 7 5 6 6-1 3 2    58   5.67  7.00  6.00  5.33  5.67  4.67  2.67  2.33
2025 06 04    17  1 3 3 3 4 4 3 3    37  1 4 3 5 6 6 4 3    26   1.33  3.67  3.00  4.00  5.00  5.33  3.67  3.00
2025 06 05    15  4 3 3 3 3 2 3 2    16  3 3 3 5 3 2 2 2    12   3.67  2.33  2.33  3.00  2.67  2.67  2.33  2.33
2025 06 06     8  2 2 2 2 3 2 2 2    22  3 3 6 5 2 2 2 0     8   2.33  2.00  2.33  2.33  2.00  2.00  2.33  2.00
2025 06 07    15  2 2 3 4 3 2 4 3    18  2 3 4 4 4 3 3 2    20   2.00  2.00  4.00  4.33  2.33  2.33  4.67  4.33
2025 06 08    13  2 2 2 2 3 3 3 4    18  2 2 1 1 5 5 3 3    15   2.33  2.33  2.00  2.00  3.00  4.00  3.00  4.33
2025 06 09    13  3 4 2 2 3 3 2 2    19  4 4 4 4 3 3 2 2    15   3.67  4.33  2.67  2.33  2.33  2.67  2.00  3.00
2025 06 10    11  2 2 3 2 3 2 3 3    10  3 2 3 3 2 2 2 2     9   2.67  1.67  2.33  2.00  1.67  1.67  2.33  3.00
2025 06 11    13  3 3 1 2 2 3 3 4    22  3 3 2 2 4 4 5 4    18   3.33  2.67  1.67  1.67  2.33  3.67  3.67  5.00
2025 06 12    24  4 4 4 4 3 3 4 4    44  4 5 5 6 6 4 3 4    33   4.67  4.33  4.00  3.67  3.67  2.67  5.33  5.33
2025 06 13    31  4 5 4 4 4 3 4 5    65  5 5 5 6 6 5 7 4    66   6.33  5.67  5.33  4.67  6.00  5.00  6.00  5.67
2025 06 14    21  5 4 3 3 4 2 3 3    27  5 5 4 4 3 4 3 2    24   4.67  5.33  3.00  3.33  3.33  3.00  2.67  3.00
2025 06 15    10  2 1 2 3 2 3 3 2    23  1 2 2 6 5 4 2 2    10   2.00  1.67  2.00  3.00  2.00  3.00  3.00  2.00
2025 06 16    10  1 2 4 2 3 2 2 2    16  2 4 4 3 4 2 2 2    10   2.00  2.33  3.67  2.00  2.33  1.67  2.33  2.00
2025 06 17     9  1 1 3 2 3 2 2 3    14  2 3 2 3 4 3 2 3     9   2.00  2.00  2.33  1.67  2.67  2.33  2.33  3.00
2025 06 18    12  3 2 2 3 2 2 2 4    20  3 3 4 4 5 3 2 2    13   3.33  2.33  2.00  3.00  3.33  2.33  2.33  3.67
2025 06 19    11  3 2 2 1 2 2 4 3     8  3 2 2 1 1 1 3 2    12   3.00  1.67  2.00  1.33  1.33  2.00  4.33  3.00
2025 06 20     8  1 2 3 2 2 3 1 1    13  1 2 4 3 4 3 2 1     9   1.33  2.00  3.00  2.67  2.00  3.00  2.33  1.00
2025 06 21    10  1 3 1 2 3 3 1 3    22  2 3 1 2 5 6 2 2    12   2.00  3.33  1.33  1.33  3.00  3.67  2.00  3.00
2025 06 22     9  3 3 1 2 2 2 2 2    14  3 3 2 4 4 2 2 2     9   3.67  2.33  1.67  2.00  2.00  2.00  2.33  2.00
2025 06 23     9  3 1 1 3 3 2 2 2    10  3 2 2 4 2 2 1 1     8   3.00  1.67  1.33  2.67  2.00  2.00  1.33  1.33
2025 06 24     9  1 2 3 3 2 2 2 2     7  1 2 2 3 2 2 1 1     7   1.33  2.00  2.33  2.00  2.00  2.67  1.67  1.67
2025 06 25    16  2 1 2 2 3 3 4 5    19  2 2 3 4 5 3 3 3    15   1.67  1.33  2.00  2.00  3.00  3.33  4.33  4.33
2025 06 26    24  4 3 3 3 3 4 4 5    41  4 4 3 5 6 6 4 4    26   4.00  3.33  3.67  3.00  4.00  4.00  4.00  5.00
2025 06 27    16  4 4 4 2 3 2 2 2    37  5 5 5 6 5 3 1 1    21   5.33  4.00  4.00  3.00  3.00  2.00  2.00  2.67
2025 06 28     8  1 2 3 2 2 2 2 2    20  2 2 5 5 4 2 2 2     9   1.67  2.33  3.33  2.67  2.00  1.67  2.00  2.00
2025 06 29     9  2 2 2 3 3 1 2 2    13  2 2 4 2 4 3 2 2     8   2.00  2.00  2.33  2.33  2.00  1.67  2.33  2.67
2025 06 30    11  2 3 2 4 2 2 2 2    27  4 3 3 6 2 5 3 2    27   2.33  2.00  2.33  3.33  1.67  3.00  2.67  2.67
2025 07 01     7  3 2 1 2 1 2 2 2     9  4 3 2 2 2 1 1 1     7   3.33  2.33  1.67  1.33  0.67  1.00  1.00  2.00
2025 07 02     8  1 2 3 1 3 2 2 2    11  0 1 3 4 4 2 2 1     7   1.33  1.67  2.33  1.67  2.33  1.67  2.00  2.00
2025 07 03    16  2 3 3 3 4 2 3 4    21  2 4 3 2 5 5 2 2    16   2.67  3.00  3.00  3.33  3.67  2.33  2.67  3.67
2025 07 04    11  2 2 3 2 2 1 3 4    16  3 4 5 2 2 2 2 2    10   2.67  2.33  2.67  1.67  1.33  1.33  2.67  3.67
2025 07 05    20  3 4 3 3 4 3 3 4    29  3 4 3 6 5 3 3 3    19   3.00  3.33  3.00  3.67  4.00  3.00  3.33  3.33
2025 07 06    20  3 4 3 4 3 2 2 5    37  5 5 4 6 5 2 2 4    26   4.33  5.00  3.00  3.67  3.33  1.67  2.67  5.33
2025 07 07    20  5 4 2 3 3 3 3 3    22  4 3 3 3 4 5 3 3    22   5.33  4.33  2.67  3.00  3.00  3.33  3.00  3.00
2025 07 08    13  3 3 3 3 3 3 2 2    19  3 4 3 4 2 5 2 2    13   3.00  3.67  3.00  2.67  2.00  2.67  1.67  2.67
2025 07 09     8  3 2 1 2 3 2 1 1    12  3 2 3 4 3 2 2 1     8   3.00  2.33  1.67  2.00  2.00  1.67  1.33  1.67
2025 07 10     6  1 1 1 2 3 2 2 0     2  1 1 1 1 0 1 1 0     4   1.00  1.33  1.00  1.33  0.67  1.00  1.00  0.67
2025 07 11    18  2 2 3 4 4 3 4 3    25  1 3 4 6 4 3 3 3    19   2.00  2.67  3.00  4.33  3.33  2.67  4.33  3.67
2025 07 12    10  2 2 3 3 3 2 2 2    29  3 4 4 6 5 3 2 3    13   2.67  2.67  3.00  3.00  3.00  2.00  2.33  3.00
2025 07 13    17  4 4 3 3 3 3 3 2    41  4 5 5 6 5 5 3 3    23   4.33  4.67  3.67  3.33  3.67  3.00  3.33  3.00
2025 07 14    16  2 2 3-1-1 3 4 4    16  2 3 3-1-1 4 3 3    16   2.00  2.67  3.00  1.67  2.67  3.00  4.67  3.67
2025 07 15    17  3 4 4 4 3 3 1 2    37  4 5 6 5 5 4 2 2    23   4.00  4.33  5.00  4.67  3.00  2.33  1.67  2.00
2025 07 16    14  2 3 3 4 2 1 2 4    24  4 4 4 6 2 1 2 3    17   3.00  3.00  2.67  3.67  1.67  1.33  3.00  5.00
2025 07 17    14  4 3 3 3-1-1-1 0    42  3 4 5 6 6 5 4 2    19   3.67  3.67  3.67  3.67  3.67  3.67  3.00  1.67
2025 07 18     9  2 1 2 2 4 2 1 2    18  2 2 2 5 5 3 2 2    11   2.00  1.00  2.00  2.67  4.00  3.00  1.67  2.00
2025 07 19     8  1 1 1 3 3 2 2 2    11  1 3 2 4 3 3 1 1     7   1.00  2.33  1.67  2.00  1.67  2.33  1.67  1.67
2025 07 20     7  1 1 1 2 3 2 2 2     9  1 1 1 3 4 3 1 1     5   1.33  1.33  0.67  1.67  2.00  1.67  0.67  1.33
2025 07 21     4  1 1 1 1 2 1 1 2     2  2 1 0 0 0 0 0 1     4   2.00  1.33  0.67  0.67  1.33  0.33  0.33  1.00
2025 07 22    17  1 3 2 3 3 2 4 5     9  1 2 1 1 2 2 3 4    17   1.00  2.00  1.33  2.00  2.00  3.00  4.67  5.00
2025 07 23    20  3 4 3 4 4 3 3 3    32  4 5 4 5 5 4 3 3    27   4.33  4.00  3.67  4.33  4.67  3.33  4.00  3.67
2025 07 24    16  3 3 3 4 3 3 2 3    29  4 4 5 5 5 3 3 2    15   3.67  2.67  3.00  3.67  3.33  3.00  2.33  2.33
2025 07 25    10  2 2 2 3 3 2 2 3    10  2 3 2 3 3 2 2 2     8   2.33  2.33  2.00  2.00  2.00  2.33  2.00  2.67
2025 07 26    11  2 1 2 3 3 3 3 2    19  3 2 1 3 6 4 1 1    12   2.00  1.67  1.67  3.00  3.00  4.00  2.67  2.00
2025 07 27     7  1 1 2 2 3 2 2 1     3  1 1 1 1 1 1 1 0     5   1.00  1.00  1.67  1.33  1.00  1.33  1.33  1.00
2025 07 28     8  0 1 1 2 3 3 2 3     6  1 2 1 0 3 2 1 2     7   1.00  1.33  1.33  1.67  1.67  1.67  2.33  3.00
2025 07 29     9  2 2 2 3 2 3 2 2    13  2 3 4 5 2 0 0 1     8   2.67  2.33  2.33  2.33  1.00  1.33  1.33  2.00
2025 07 30     9  2 1 2 3 3 2 3 1     7  2 2 1 1 3 2 2 1     8   2.67  1.67  1.33  2.00  2.33  2.67  2.33  1.33
2025 07 31    10  3 2 2 2 3 2 2 3    12  2 2 2 4 4 2 2 1    11   3.00  3.00  2.00  2.33  2.67  2.33  2.67  2.00
2025 08 01    13  3 3 2 3 3 2 3 3    19  3 3 2 3 6 2 2 2    13   2.67  2.67  2.67  2.67  3.33  1.67  2.67  3.33
2025 08 02     9  3 2 1 2 2 3 2 2     7  2 2 2 1 2 2 2 2     9   3.00  2.00  1.67  1.33  1.33  2.33  2.67  2.67
2025 08 03     9  2 2 1 2 2 3 3 2     6  2 2 1 0 2 2 3 1     9   2.00  1.67  1.33  1.67  1.33  2.67  3.67  2.00
2025 08 04     7  1 1 2 2 3 2 2 2    11  1 1 3 3 4 3 2 1     8   1.00  1.67  2.67  2.00  2.33  2.33  2.00  2.33
2025 08 05    10  3 2 1 2 3 2 3 2    11  2 3 0 2 4 3 2 2    10   3.00  2.67  1.00  1.33  2.33  2.33  3.00  2.33
2025 08 06     9  2 2 1 2 3 3 1 3     4  2 1 1 1 1 2 1 1     6   2.00  1.67  1.33  1.33  1.67  2.00  1.33  2.33
2025 08 07     6  1 2 1 3 2 2 1 1     3  2 2 1 1 0 0 0 0     4   1.33  1.33  1.33  1.33  1.00  0.33  0.33  1.33
2025 08 08    18  1 2 2 3 4 4 4 4    25  0 2 2 5 5 5 4 3    22   1.00  1.33  1.67  3.33  4.67  4.33  5.00  4.00
2025 08 09    27  5 4 4 4 4 4 3 3    55  5 5 7 5 5 6 3 3    47   5.33  5.00  5.00  4.67  5.33  6.00  4.33  3.00
2025 08 10    17  3 2 4 4 4 2 3 2    48  3 4 6 7 5 5 3 2    22   3.67  2.00  4.33  4.33  3.67  3.33  4.00  3.00
2025 08 11    17  4 3 2 3 4 4 2 2    44  4 3 6 6 6 5 3 2    17   4.33  2.33  3.33  3.00  3.33  3.67  2.67  2.67
2025 08 12    12  3 3 2 3 3 2 2 3    23  4 4 3 5 3 4 2 3    14   3.67  3.00  2.00  2.67  3.00  2.33  2.67  3.33
2025 08 13    17  3 3 3 4 4 2 3 3    37  3 3 5 6 6 4 3 3    15   2.67  3.00  2.67  3.00  3.00  2.67  3.00  3.67
2025 08 14    13  3 2 3 4 3 2 2 2    41  3 4 7 6 5 2 2 2    11   3.33  2.33  3.00  3.00  2.33  1.67  1.67  2.00
2025 08 15    10  3 3 3 3 2 1 2 1    13  3 3 4 4 1 2 1 1     7   2.67  2.33  2.33  2.00  1.33  1.33  2.00  1.33
2025 08 16     6  1 2 1 3 2 2 1 1     5  1 1 1 3 0 2 1 1     6   1.33  2.00  1.33  2.00  1.33  2.00  1.00  1.67
2025 08 17     7  0 2 3 3 3 1 1 0     6  1 2 2 2 4 0 0 0     5   1.33  1.33  2.00  1.67  2.00  1.00  0.33  0.33
2025 08 18     5  0 0 1 2 3 2 1 2    14  0 1 1 5 4 4 1 1     7   0.33  0.67  1.33  2.33  2.33  2.67  1.33  2.33
2025 08 19    16  3 2 2 3 4 3 4 3    25  3 2 3 5 5 4 4 3    19   3.00  2.00  2.00  2.67  4.00  3.67  4.67  3.67
2025 08 20    12  3 3 3 2 3 2 2 3    21  4 3 4 6 2 2 1 0    13   4.00  3.00  3.00  2.67  1.67  1.67  2.00  3.33
2025 08 21     8  3 2 1 2 3 1 2 2     4  3 2 1 0 0 0 1 1     7   2.67  2.00  1.00  1.00  1.33  1.33  2.33  2.00
2025 08 22     9  3 2 1 2 3 1 3 2    -1 -1-1-1 3 4 3 3-1     8   3.00  2.00  1.33  1.00  2.00  1.67  2.33  2.67
2025 08 23     7  2 2 1 2 3 1 2 1     6  2 3 2 2 2 0 1 1     7   2.67  2.33  1.67  1.67  1.67  0.67  1.00  2.00
2025 08 24     5  1 1 1 2 2 2 2 1     6  1 3 1 2 2 1 1 1     6   2.00  1.67  1.33  1.00  1.33  1.33  2.00  1.67
2025 08 25     7  0 1 1 2 4 2 2 1    12  0 1 1 2 5 4 1 1     8   1.00  1.33  1.33  1.33  3.33  2.67  1.67  1.67
2025 08 26    10  2 3 3 2 3 2 1 2    24  2 4 3 5 3 5 2 4     8   1.67  3.00  2.33  2.67  1.67  1.00  1.33  1.67
2025 08 27     9  2 1 1 3 3 2 3 2    12  2 1 1 2 3 3 3 4     8   1.33  1.33  1.00  2.67  3.00  1.67  2.00  2.33
2025 08 28     7  1 1 2 2 3 2 2 2     9  2 2 3 2 2 2 2 3     7   2.00  1.67  2.67  2.00  2.00  1.33  2.00  2.00
2025 08 29     6  2 1 1 2 2 2 2 1     6  2 2 1 1 1 2 2 2     6   2.33  2.00  1.33  1.33  1.33  1.67  2.00  1.67
2025 08 30     8  2 1 2 2 3 2 2 2    11  2 1 3 4 2 3 2 2     7   2.00  1.33  2.00  2.00  1.67  2.33  1.67  2.00
2025 08 31     9  2 2 1 3 3 2 2 2     6  2 1 1 3 1 2 2 1     8   2.33  2.00  1.33  2.67  2.00  2.00  2.00  1.67
2025 09 01     9  1 1 1 2 2 2 3 4    10  1 1 1 2 1 1 2 5    16   2.00  1.33  1.33  1.33  1.33  2.00  2.67  6.00
2025 09 02    25  5 4 4 3 3 4 4 3    27  4 4 4 3 5 3 4 4    34   5.33  4.33  4.33  3.67  3.00  4.33  5.00  4.33
2025 09 03     8  3 3 2 2 2 1 2 1    11  4 3 2 3 2 2 2 1    12   4.67  3.33  2.33  2.00  1.67  1.00  2.33  1.00
2025 09 04    10  2 1 2 3 3 3 2 2    19  1 1 3 5 4 5 1 2    10   2.00  1.33  2.33  3.00  2.00  2.67  2.33  2.67
2025 09 05     8  1 0 1 3 3 2 2 3    12  2 0 1 5 2 2 2 3     8   1.67  0.67  1.33  2.67  1.33  1.67  2.67  3.33
2025 09 06    17  3 3 3 3 4 4 3 1    51  3 5 6 6 5 6 5 2    26   4.00  3.67  4.00  3.33  4.00  5.00  4.33  1.33
2025 09 07     4  1 1 0 1 2 2 1 2     4  1 0 0 0 0 1 2 3     5   1.00  1.00  0.67  0.67  1.00  0.33  1.33  2.67
2025 09 08    10  3 3 2 3 2 2 2 2    24  3 3 5 5 4 4 2 2    13   3.33  3.67  2.67  2.67  2.33  2.33  2.67  1.67
2025 09 09    15  3 2 3 2 3 2 2 5    23  3 2 3 5 4 3 2 5    19   3.33  2.33  2.67  2.67  2.67  1.67  2.67  5.67
2025 09 10    12  4 4 1 2 3 2 1 2    18  5 5 2 3 2 3 1 1    13   4.33  4.33  1.33  2.00  2.00  2.00  1.33  1.67
2025 09 11    10  3 2 3 2 3 2 1 2    14  3 4 4 3 3 2 1 1    10   4.00  2.67  2.67  2.00  2.00  1.67  1.00  1.67
2025 09 12     9  1 3 3 3 2 2 2 1    21  0 2 4 6 4 3 2 1     9   1.00  2.67  2.67  3.00  2.00  2.00  2.00  1.00
2025 09 13     7  1 2 3 2 2 2 1 1    14  1 3 4 5 3 1 0 0     6   1.67  2.67  2.67  2.00  1.00  1.00  0.33  1.00
2025 09 14    12  2 2 2 3 2 2 3 4    12  1 1 3 4 3 2 2 3    14   2.00  2.00  2.67  2.33  2.00  2.00  3.00  5.00
2025 09 15    34  6 5 4 4 5 3 3 3    60  4 5 7 6 6 5 4 4    48   6.67  5.33  5.00  4.67  5.33  3.67  3.67  4.33
2025 09 16    17  5 3 3 3 3 2 2 3    38  4 3 6 5 6 4 3 3    21   5.00  3.67  3.67  3.67  3.67  2.33  2.33  3.00
2025 09 17    10  2 2 3 3 3 1 2 2    17  3 2 4 5 3 2 2 2    12   2.33  2.67  3.33  3.33  2.33  1.33  2.33  2.67
2025 09 18     6  1 2 1 1 3 2 2 1    10  2 1 3 4 3 2 0 1     6   2.00  2.00  2.00  2.00  2.00  2.00  1.00  1.33
2025 09 19     7  0 0 0 1 5 1 1 0     1  0 0 0 1 0 0 1 0     3   0.67  0.67  0.67  0.67  1.67  0.33  0.67  0.67
2025 09 20     5  1 2 2 2 2 1 1 1     4  1 0 3 2 0 0 0 1     5   1.67  2.00  2.00  1.33  0.67  0.33  0.33  1.33
2025 09 21     6  1 1 1 1 2 3 2 1     3  1 0 1 2 1 1 1 0     6   1.67  1.33  1.67  1.00  1.67  2.00  1.33  1.33
2025 09 22    12  3 2 2 3 3 3 2 3    14  3 2 2 3 5 2 2 2    13   2.67  2.33  2.00  3.00  3.00  3.33  2.67  3.33
2025 09 23    12  3 2 3 3 3 3 2 1    30  3 3 3 3 6 6 3 2    14   3.33  2.67  2.67  2.67  3.67  3.00  3.00  1.67
2025 09 24     6  1 1 1 2 2 2 2 2     6  1 1 1 2 3 2 1 1     8   2.00  1.67  1.33  2.33  2.33  2.00  1.67  2.67
2025 09 25     7  1 1 2 3 3 1 2 1     9  1 1 2 3 4 2 1 1     8   1.33  1.00  2.00  2.67  3.00  1.67  1.33  1.67
2025 09 26     6  2 2 1 2 2 1 2 1     4  2 1 0 0 3 0 1 1     7   2.33  2.33  1.00  2.33  1.67  1.00  2.33  1.67
2025 09 27     5  1 1 1 1 2 2 2 2     4  1 1 1 2 2 0 2 1     7   1.67  2.00  1.33  1.00  1.33  1.00  2.67  2.33
2025 09 28     9  3 3 0 2 2 3 2 2     5  2 1 1 1 1 2 2 1    10   3.00  3.00  1.33  2.00  1.67  3.00  2.67  2.00
2025 09 29    13  2 2 3 3 4 3 3 1    51  2 2 4 6 5 7 6 3    27   2.67  2.67  3.67  4.67  4.00  5.00  4.67  3.33
2025 09 30    43  5 6 5 5 5 4 3 4    70  4 6 6 5 7 6 6 4    15   5.33  7.33  6.00  5.33  5.67  5.67  5.33  5.67
2025 10 01    25  4 4 3 3 5 4 4 3    60  4 4 7 6 6 5 5 4    50   5.33  5.33  4.67  3.67  5.67  5.00  6.00  4.33
2025 10 02    30  4 5 4 4 5 2 4 4    65  4 6 7 7 5 4 4 4    45   5.33  6.67  4.67  4.67  4.33  2.33  4.67  4.33
2025 10 03    20  4 4 4 4 3 3 3 2    45  5 5 6 5 5 4 5 3    30   4.33  5.00  5.00  4.33  3.33  3.33  4.00  3.00
2025 10 04    16  3 3 4 3 4 3 2 2    61  4 4 6 7 7 5 3 2    20   3.67  3.67  4.00  3.67  4.00  3.67  2.67  2.33
2025 10 05     6  2 2 2 2 2 2 1 1    14  3 3 4 4 3 2 0 1     9   2.67  3.33  2.67  2.00  2.33  1.33  1.00  1.33
2025 10 06     5  1 0 1 1 2 2 2 2     5  0 0 0 3 2 3 1 1     6   1.33  0.67  1.33  1.33  1.67  1.67  1.67  2.33
2025 10 07    14  2 2 4 3 4 3 2 2    33  2 2 4 6 5 6 2 2    15   2.67  2.33  3.00  3.00  4.33  3.33  2.67  2.00
2025 10 08     9  2 4 3 2 2 1 1 1    18  2 4 4 3 5 3 1 1    11   3.00  3.67  3.00  2.33  2.67  2.00  1.67  0.67
2025 10 09     5  1 1 2 1 2 1 1 2     3  0 1 1 1 1 1 1 1     5   1.00  0.67  2.00  1.33  1.33  0.67  1.67  2.00
2025 10 10     9  3 2 3 3 2 1 1 2    12  2 2 3 5 2 1 1 1     9   3.67  2.33  2.67  2.67  1.67  0.67  1.33  1.67
2025 10 11    15  1 4 4 2 3 2 3 3    30  2 4 6 5 4 4 2 3    17   2.33  3.67  4.67  3.00  2.33  2.33  2.67  3.67
2025 10 12    18  4 3 3 3 3 3 4 3    38  4 4 4 5 5 5 5 4    29   4.00  4.00  3.67  3.67  3.67  4.33  5.33  4.00
2025 10 13    17  4 4 3 3 3 3 3 2    36  4 4 5 6 6 3 2 2    23   4.67  4.67  3.33  4.00  3.00  2.67  3.33  3.00
2025 10 14     6  2 1 2 1 2 2 1 2     9  2 1 3 2 3 3 1 1     8   2.67  2.00  2.67  1.67  1.67  2.00  1.00  2.33
2025 10 15     9  3 3 3 2 2 1 1 1    15  2 3 5 4 2 2 1 1    12   3.67  3.33  3.33  2.67  2.00  1.00  1.33  2.00
2025 10 16     3  0 0 1 1 1 1 2 2     2  1 0 1 2 0 0 0 0     4   1.00  1.00  1.67  1.33  0.67  0.33  1.33  1.67
2025 10 17     8  2 2 2 3 2 2 2 1    17  1 0 5 5 4 2 1 0     9   2.00  1.67  2.67  3.33  2.00  2.67  1.33  1.67
2025 10 18    20  3 3 3 3 4 4 4 3    46  2 4 5 6 4 6 6 3    36   3.67  4.00  5.00  3.67  3.00  5.00  6.00  4.00
2025 10 19    11  4 2 1 2 2 3 3 2    25  4 3 2 4 5 5 3 3    18   5.00  3.33  2.00  2.67  2.67  3.33  3.00  3.00
2025 10 20     6  2 2 2 2 2 1 1 2     7  2 3 2 2 2 1 1 1     8   3.00  2.67  2.33  2.00  1.67  1.00  1.33  2.00
2025 10 21     8  3 3 2 0 2 2 2 2     7  3 2 2 1 1 1 2 2     9   3.33  3.00  1.67  0.67  1.33  1.67  2.00  2.33
2025 10 22     3  0 0 1 1 2 2 1 1     1  1 0 0 0 1 1 0 0     4   1.33  1.00  0.67  1.00  1.00  1.00  1.33  1.67
2025 10 23     4  1 1 0 1 1 2 2 2     3  0 0 0 0 1 2 2 1     6   2.00  1.00  0.33  1.33  1.33  1.33  2.00  2.33
2025 10 24     8  2 2 2 2 2 2 3 1     8  2 2 2 3 3 1 2 1    10   3.00  2.33  2.33  2.33  1.67  2.00  3.00  1.67
2025 10 25     9  2 3 3 2 3 1 1 1    12  1 4 4 4 2 1 0 0     9   2.67  3.67  2.67  2.33  2.00  0.67  0.67  0.67
2025 10 26     4  0 1 1 2 1 2 1 1     1  0 0 1 1 0 0 0 0     4   1.00  1.33  1.33  1.33  0.33  1.00  0.67  1.00
2025 10 27     4  1 0 1 1 1 2 2 2     2  0 0 1 1 0 1 1 1     6   1.33  0.67  1.00  1.33  0.67  1.67  2.00  3.33
2025 10 28    14  3 3 3 2 3 3 3 3    28  1 3 4 4 6 3 4 4    19   3.33  3.00  3.33  2.33  3.67  3.00  4.33  3.67
2025 10 29    15  2 3 3 3 3 3 2 4    27  2 2 3 5 4 5 5 3    20   3.00  3.00  3.33  3.00  3.00  3.67  4.00  4.33
2025 10 30    24  3 3 4 4 5 4 3 3    58  4 3 6 6 7 6 3 4    38   4.67  3.67  4.33  5.33  5.33  5.00  3.00  4.33
2025 10 31    16  3 3 4 3 4 3 2 2    47  3 5 6 6 6 5 3 2    25   4.33  4.67  4.33  3.67  4.00  3.33  2.67  3.00
2025 11 01     9  2 3 2 2 3 2 2 2    24  2 3 2 5 5 5 3 2    14   3.00  3.00  2.67  2.67  3.00  3.00  3.00  2.33
2025 11 02    15  4 3 3 3 3 3 2 2    31  4 3 4 5 5 5 4 2    18   4.33  3.67  3.00  2.67  2.67  3.67  3.00  3.00
2025 11 03    18  2 3 5 4 3 2 2 3    48  2 3 7 6 5 5 4 3    20   2.67  3.33  4.33  4.00  3.67  3.33  3.00  3.33
2025 11 04     9  2 3 2 3 2 2 2 2    16  3 2 3 5 4 2 2 0    10   3.00  3.00  2.33  3.00  2.00  2.00  2.00  2.00
2025 11 05    19  3 2 4 2 3 1 4 5    35  3 4 6 4 4 4 4 5    28   4.00  3.33  4.33  2.33  2.00  2.33  4.67  6.00
2025 11 06    31  5 6 4 3 2 2 3 5    40  4 6 5 5 3 4 5 4    43   5.33  6.67  5.67  3.33  2.33  3.00  4.00  4.67
2025 11 07    20  4 4 4 4 3 2 3 3    35  4 5 4 5 5 5 3 3    32   5.00  5.33  5.00  4.00  3.33  3.00  3.33  3.67
2025 11 08    25  5 5 5 4 3 2 2 1    49  4 5 7 4 6 5 3 2    36   6.33  5.33  5.33  4.00  3.33  3.33  2.67  1.67
2025 11 09     7  1 1 2 2 2 2 1 3     7  3 2 3 2 1 0 1 1     8   2.00  1.67  2.33  1.67  1.67  1.00  1.00  3.33
2025 11 10     9  2 1 1 2 3 3 3 2    24  3 2 1 4 4 6 4 2    14   3.00  2.00  1.33  2.33  2.67  4.00  3.33  3.33
2025 11 11     4  2 2 1 1 1 0 0 2     8  1 2 3 4 1 1 0 2     7   2.33  2.67  1.67  2.33  0.33  0.67  0.67  3.00
2025 11 12    70  7 7 5 6 5 4 5 4   123  7 7 7 8 6 7 6 4   127   8.67  8.33  7.00  7.00  5.33  4.67  6.00  4.67
2025 11 13    43  6 6 5 4 5 4 3 3    69  6 6 7 5 7 5 3 1    59   7.33  6.67  6.00  4.00  5.00  4.00  3.00  2.00
2025 11 14     4  2 0 2 1 2 1 1 0     3  1 2 0 1 1 2 1 0     5   2.00  0.67  1.67  1.67  1.33  1.33  1.00  0.33
2025 11 15     7  1 1 2 2 2 1 3 2    12  1 2 3 4 3 2 2 3     9   1.67  1.33  2.00  1.67  2.00  1.67  3.33  3.00
2025 11 16    13  3 3 3 3 3 2 2 3    25  3 3 3 6 5 3 2 2    18   3.67  3.33  2.67  3.67  3.67  3.00  2.67  3.33
2025 11 17     9  4 2 2 1 2 1 2 2     8  3 2 3 1 2 2 2 1    11   4.00  3.00  2.67  1.33  2.00  1.00  2.33  2.33
2025 11 18     4  2 2 2 0 1 1 1 1     4  1 2 3 1 0 0 0 0     5   2.67  2.00  2.00  0.67  0.33  0.33  0.67  0.67
2025 11 19     2  0 0 1 0 1 0 1 1     0  0 0 0 0 0 0 1 0     3   0.67  0.33  1.00  0.67  0.33  0.33  1.33  0.67
2025 11 20     6  0 2 2 1 1 3 1 2     4  0 1 2 1 0 1 1 3     7   0.67  2.00  1.33  1.00  0.33  2.33  2.33  3.33
2025 11 21     5  2 2 1 1 1 2 2 1     9  2 2 2 3 3 2 2 1     8   3.00  2.67  0.67  1.67  1.33  2.00  2.33  2.00
2025 11 22     3  1 1 0 0 1 1 1 2     4  1 1 0 0 3 1 1 1     6   2.67  1.00  1.00  0.67  1.00  1.00  1.67  2.67
2025 11 23     8  2 1 1 2 3 3 2 2    26  2 1 1 6 6 3 3 1    13   3.00  1.67  1.67  2.33  3.00  3.67  3.33  2.67
2025 11 24    15  3 2 2 3 4 3 3 3    44  1 3 3 5 6 6 6 4    22   3.33  3.00  3.33  3.67  4.33  4.00  3.67  3.33
2025 11 25    17  3 3 4 3 4 3 3 2    61  4 4 6 7 6 6 4 4    32   4.67  4.33  5.00  4.00  4.33  4.33  4.00  3.33
2025 11 26    15  3 3 3 3 3 3 3 3    43  3 4 6 5 6 5 4 3    23   3.33  4.00  4.00  3.67  3.67  4.00  3.67  3.67
2025 11 27    23  2 3 4 5 4 3 4 3    62  3 3 6 7 7 5 4 4    27   3.00  3.33  4.00  4.67  4.33  3.67  4.67  4.00
2025 11 28    16  3 3 3 4 3 3 3 2    48  3 4 6 6 5 6 5 2    22   3.67  3.33  4.00  4.00  3.67  4.00  3.67  2.67
2025 11 29    12  2 3 3 3 3 3 2 2    44  3 3 6 5 6 6 3 3    20   2.67  3.00  4.00  3.33  4.00  4.00  3.00  3.00
2025 11 30    14  4 4 1 3 2 2 3 2    18  3 3 2 5 3 3 3 3    16   4.00  4.00  2.33  3.33  1.67  2.33  3.33  2.67
2025 12 01     9  4 0 1 2 2 3 2 1    12  2 1 2 4 4 3 2 1    10   4.00  1.00  1.67  2.00  2.00  3.00  2.00  2.00
2025 12 02     5  1 2 0 2 2 1 2 2     9  2 1 0 4 3 2 2 1     9   2.33  2.67  1.67  2.00  2.00  1.67  3.00  2.00
2025 12 03    20  1 2 1 4 4 3 5 4    45  0 1 2 6 6 6 6 4    33   1.67  2.67  2.00  3.00  4.67  4.33  6.67  4.67
2025 12 04    24  5 5 3 3 3 4 3 2    57  4 5 6 6 6 6 5 3    32   5.00  5.00  4.67  4.00  4.00  4.33  3.67  3.00
2025 12 05    10  3 3 3 2 2 2 2 2    21  2 2 5 5 3 3 3 3    13   3.33  3.33  3.33  2.33  2.00  2.00  3.00  2.67
2025 12 06    15  4 3 4 3 3 2 2 2    30  2 4 6 5 4 4 3 2    16   3.67  3.33  4.33  3.00  3.00  2.33  2.33  1.67
2025 12 07     5  2 3 2 2 1 1 0 0     4  1 2 2 3 1 0 0 0     9   2.67  3.67  3.00  2.00  1.67  0.33  0.33  0.33
2025 12 08     1  0 0 0 0 0 1 1 0     0  0 0 0 0 0 0 0 0     2   0.33  0.67  0.33  0.33  0.00  0.33  1.00  0.67
2025 12 09     4  2 0 1 0 2 2 1 1     5  0 0 1 3 2 2 2 0     5   2.33  0.67  1.00  1.00  1.33  1.67  1.33  1.33
2025 12 10    16  2 1 2 2 2 1 3 6    19  0 2 3 4 4 3 3 5    21   2.67  2.00  3.33  2.00  2.33  2.00  3.00  6.33
2025 12 11    17  4 4 2 2 2 4 4 1    23  5 4 2 2 3 4 5 2    26   5.67  4.67  2.33  2.00  2.00  4.00  4.67  3.00
2025 12 12    19  3 4 2 3 3 3 4 4    52  4 4 5 6 5 6 6 4    28   4.00  4.00  3.00  3.67  3.33  3.33  5.00  5.00
2025 12 13     8  3 2 2 2 2 2 2 2    18  3 1 2 3 4 3 5 3    14   4.67  2.00  2.33  2.33  2.67  2.33  3.33  2.67
2025 12 14     5  2 2 1 2 1 1 1 1     6  2 2 1 2 3 1 1 0     7   2.67  2.33  1.33  2.00  1.33  1.33  1.67  1.00
2025 12 15     5  0 0 2 1 3 2 1 1     9  0 0 2 2 5 2 0 0     6   0.67  0.33  1.33  1.33  3.00  1.67  1.00  1.00
2025 12 16     6  2 1 2 2 2 2 2 1    12  1 2 2 4 3 3 3 2    12   3.33  2.67  2.00  2.00  2.00  3.33  3.00  2.33
2025 12 17    10  2 2 3 2 2 2 3 3    17  3 2 3 3 4 3 3 4    18   2.67  3.00  3.00  2.33  2.67  2.67  4.00  4.67
2025 12 18    11  4 2 3 2 1 3 2 2    36  4 2 6 6 4 5 3 2    17   4.33  2.67  3.67  3.33  2.00  3.00  3.00  2.67
2025 12 19     4  1 1 1 1 1 2 1 1     4  2 1 1 1 1 2 1 1     6   2.33  2.00  1.33  1.00  1.00  1.67  2.00  2.00
2025 12 20     4  2 1 1 1 1 1 1 2     8  2 1 0 2 4 2 1 2     6   2.00  0.67  1.33  1.33  1.67  1.67  1.67  2.67
2025 12 21    20  3 1 3 3 4 4 2 5    50  1 2 3 6 6 7 5 4    27   3.67  2.67  3.00  3.67  4.33  4.67  3.67  5.00
2025 12 22    17  3 3 4 2 4 3 3 3    53  3 2 4 5 7 6 6 4    25   3.67  3.33  3.67  3.00  5.00  3.67  4.00  4.00
2025 12 23    14  3 3 3 2 3 3 3 3    42  2 3 5 6 6 5 4 4    21   3.33  3.67  3.33  3.00  3.67  3.67  4.00  4.00
2025 12 24    19  4 4 3 3 3 4 2 3    40  4 4 6 6 5 3 4 3    21   4.33  4.33  3.67  2.67  3.33  3.67  3.00  3.00
2025 12 25     8  2 3 3 2 2 2 1 1    17  3 4 4 4 3 3 1 1    11   3.33  3.33  3.00  2.33  2.33  2.33  1.33  1.67
2025 12 26     6  1 2 2 1 2 3 1 1    13  1 1 2 4 4 4 1 1     8   1.67  2.33  2.33  2.00  2.00  3.33  1.00  1.00
2025 12 27     5  1 2 2 1 2 2 1 1     8  1 2 2 3 3 1 2 2     7   1.33  3.00  2.00  1.67  1.67  1.00  2.00  1.67
2025 12 28     7  2 1 1 2 2 3 2 1    13  2 1 1 4 4 4 1 1     9   2.67  1.33  1.33  2.33  1.67  3.00  2.33  2.33
2025 12 29     9  3 3 2 2 3 2 1 1    15  1 1 4 5 4 1 1 1     9   3.00  2.67  2.33  2.67  2.33  1.33  0.67  1.67
2025 12 30     5  1 1 2 1 2 2 1 1    13  1 1 2 4 4 4 2 0     8   1.67  2.00  2.00  1.67  3.00  2.67  1.67  1.00
2025 12 31    -1  1 1 3 2 3 2 1-1    -1  0 0 3 4 6 2 0-1     7   1.67  1.33  2.33  1.67  3.00  1.33  1.33 -1.00
